w1=[0.2 0.3 0.4 0.6 0.1;0.7 0.3 0.5 .5 .4];
w2=[.4 .6 .7 .8 .7; .6 .2 .4 .6 .5];
x=[w1 w2]
x(3,:)=zeros(1,10);
